Test accuracy: 0.9455197132616487

                 precision    recall  f1-score   support

          Faces     0.9848    0.9848    0.9848        66
     Faces_easy     0.9851    1.0000    0.9925        66
       Leopards     0.9375    1.0000    0.9677        30
     Motorbikes     1.0000    1.0000    1.0000       121
      accordion     1.0000    1.0000    1.0000         9
      airplanes     1.0000    0.9917    0.9958       120
         anchor     1.0000    0.5714    0.7273         7
            ant     1.0000    0.5714    0.7273         7
         barrel     1.0000    1.0000    1.0000         8
           bass     1.0000    0.8889    0.9412         9
         beaver     0.8000    0.5000    0.6154         8
      binocular     0.8571    1.0000    0.9231         6
         bonsai     1.0000    0.9500    0.9744        20
          brain     0.9412    1.0000    0.9697        16
   brontosaurus     1.0000    0.8571    0.9231         7
         buddha     0.8667    0.9286    0.8966        14
      butterfly     0.9231    0.8000    0.8571        15
         camera     1.0000    0.8750    0.9333         8
         cannon     1.0000    0.7143    0.8333         7
       car_side     1.0000    1.0000    1.0000        19
    ceiling_fan     1.0000    1.0000    1.0000         8
      cellphone     1.0000    1.0000    1.0000        10
          chair     0.8750    0.7000    0.7778        10
     chandelier     0.8947    1.0000    0.9444        17
    cougar_body     0.8750    0.8750    0.8750         8
    cougar_face     1.0000    1.0000    1.0000        11
           crab     0.8182    0.7500    0.7826        12
       crayfish     0.7273    0.7273    0.7273        11
      crocodile     0.6667    0.7500    0.7059         8
 crocodile_head     0.8333    0.5556    0.6667         9
            cup     1.0000    0.8000    0.8889        10
      dalmatian     0.9167    1.0000    0.9565        11
    dollar_bill     1.0000    0.8889    0.9412         9
        dolphin     0.7857    1.0000    0.8800        11
      dragonfly     0.9167    1.0000    0.9565        11
electric_guitar     0.9167    0.9167    0.9167        12
       elephant     0.9000    0.8182    0.8571        11
            emu     1.0000    0.7778    0.8750         9
      euphonium     1.0000    1.0000    1.0000        11
           ewer     0.9286    0.9286    0.9286        14
          ferry     0.8462    1.0000    0.9167        11
       flamingo     1.0000    0.8182    0.9000        11
  flamingo_head     1.0000    1.0000    1.0000         8
       garfield     0.8571    1.0000    0.9231         6
        gerenuk     1.0000    1.0000    1.0000         6
     gramophone     1.0000    0.8889    0.9412         9
    grand_piano     1.0000    1.0000    1.0000        16
      hawksbill     0.8824    1.0000    0.9375        15
      headphone     1.0000    1.0000    1.0000         7
       hedgehog     0.8889    0.8889    0.8889         9
     helicopter     1.0000    1.0000    1.0000        14
           ibis     0.8462    0.9167    0.8800        12
   inline_skate     1.0000    1.0000    1.0000         6
    joshua_tree     1.0000    1.0000    1.0000        11
       kangaroo     1.0000    1.0000    1.0000        14
          ketch     0.9444    0.9444    0.9444        18
           lamp     1.0000    0.8000    0.8889        10
         laptop     1.0000    1.0000    1.0000        13
          llama     1.0000    1.0000    1.0000        13
        lobster     0.7500    0.8571    0.8000         7
          lotus     0.8462    1.0000    0.9167        11
       mandolin     0.7778    1.0000    0.8750         7
         mayfly     1.0000    1.0000    1.0000         6
        menorah     1.0000    1.0000    1.0000        14
      metronome     0.8571    1.0000    0.9231         6
        minaret     0.9231    1.0000    0.9600        12
       nautilus     0.9000    1.0000    0.9474         9
        octopus     1.0000    0.6667    0.8000         6
          okapi     1.0000    1.0000    1.0000         7
         pagoda     0.8889    1.0000    0.9412         8
          panda     0.8571    0.8571    0.8571         7
         pigeon     0.8889    1.0000    0.9412         8
          pizza     0.8889    0.8889    0.8889         9
       platypus     0.5000    0.6667    0.5714         6
        pyramid     1.0000    0.9000    0.9474        10
       revolver     0.8125    1.0000    0.8966        13
          rhino     0.7500    0.9000    0.8182        10
        rooster     1.0000    1.0000    1.0000         8
      saxophone     1.0000    1.0000    1.0000         6
       schooner     0.9000    0.9000    0.9000        10
       scissors     1.0000    0.8571    0.9231         7
       scorpion     0.8750    1.0000    0.9333        14
      sea_horse     1.0000    0.8000    0.8889        10
         snoopy     1.0000    1.0000    1.0000         6
    soccer_ball     1.0000    1.0000    1.0000        11
        stapler     1.0000    0.8750    0.9333         8
       starfish     1.0000    1.0000    1.0000        14
    stegosaurus     1.0000    1.0000    1.0000        10
      stop_sign     1.0000    1.0000    1.0000        11
     strawberry     1.0000    1.0000    1.0000         6
      sunflower     1.0000    1.0000    1.0000        14
           tick     1.0000    1.0000    1.0000         8
      trilobite     1.0000    0.9286    0.9630        14
       umbrella     0.8571    1.0000    0.9231        12
          watch     0.9487    1.0000    0.9737        37
    water_lilly     1.0000    0.5714    0.7273         7
     wheelchair     0.8333    1.0000    0.9091        10
       wild_cat     0.8571    1.0000    0.9231         6
  windsor_chair     0.8000    0.8889    0.8421         9
         wrench     0.8333    0.7143    0.7692         7
       yin_yang     1.0000    1.0000    1.0000         9

       accuracy                         0.9455      1395
      macro avg     0.9323    0.9173    0.9194      1395
   weighted avg     0.9496    0.9455    0.9442      1395
