                 precision    recall  f1-score   support

          Faces     0.8611    0.9394    0.8986        66
     Faces_easy     0.9403    0.9545    0.9474        66
       Leopards     0.7027    0.8667    0.7761        30
     Motorbikes     0.9597    0.9917    0.9754       120
      accordion     0.7500    0.7500    0.7500         8
      airplanes     0.9219    0.9833    0.9516       120
         anchor     0.0000    0.0000    0.0000         6
            ant     0.0000    0.0000    0.0000         6
         barrel     1.0000    0.5714    0.7273         7
           bass     0.0000    0.0000    0.0000         8
         beaver     0.1667    0.1429    0.1538         7
      binocular     0.0000    0.0000    0.0000         5
         bonsai     0.5500    0.5789    0.5641        19
          brain     0.4737    0.6000    0.5294        15
   brontosaurus     0.0000    0.0000    0.0000         6
         buddha     0.5789    0.8462    0.6875        13
      butterfly     0.4286    0.6429    0.5143        14
         camera     0.3333    0.1429    0.2000         7
         cannon     0.1667    0.1667    0.1667         6
       car_side     0.9000    0.9474    0.9231        19
    ceiling_fan     0.1667    0.1429    0.1538         7
      cellphone     0.8000    0.4444    0.5714         9
          chair     0.6667    0.4000    0.5000        10
     chandelier     0.3043    0.4375    0.3590        16
    cougar_body     0.0000    0.0000    0.0000         7
    cougar_face     0.5556    0.5000    0.5263        10
           crab     0.2222    0.1818    0.2000        11
       crayfish     0.4000    0.4000    0.4000        10
      crocodile     0.0000    0.0000    0.0000         8
 crocodile_head     0.3333    0.2857    0.3077         7
            cup     0.5714    0.5000    0.5333         8
      dalmatian     0.5455    0.6000    0.5714        10
    dollar_bill     0.6667    0.7500    0.7059         8
        dolphin     0.3750    0.3000    0.3333        10
      dragonfly     0.8333    0.5000    0.6250        10
electric_guitar     0.7143    0.4545    0.5556        11
       elephant     0.4286    0.3000    0.3529        10
            emu     0.2308    0.3750    0.2857         8
      euphonium     0.4615    0.6667    0.5455         9
           ewer     0.6667    0.7692    0.7143        13
          ferry     0.4000    0.4000    0.4000        10
       flamingo     0.3000    0.3000    0.3000        10
  flamingo_head     0.3333    0.1429    0.2000         7
       garfield     0.6667    0.4000    0.5000         5
        gerenuk     0.0000    0.0000    0.0000         5
     gramophone     0.4444    0.5000    0.4706         8
    grand_piano     0.8235    0.9333    0.8750        15
      hawksbill     0.1905    0.2667    0.2222        15
      headphone     0.5000    0.1429    0.2222         7
       hedgehog     0.1818    0.2500    0.2105         8
     helicopter     0.3636    0.3077    0.3333        13
           ibis     0.3333    0.4167    0.3704        12
   inline_skate     1.0000    0.6000    0.7500         5
    joshua_tree     0.3000    0.3333    0.3158         9
       kangaroo     0.2000    0.1538    0.1739        13
          ketch     0.6667    0.5882    0.6250        17
           lamp     0.5000    0.2222    0.3077         9
         laptop     1.0000    1.0000    1.0000        12
          llama     0.2500    0.2727    0.2609        11
        lobster     0.2857    0.3333    0.3077         6
          lotus     0.1250    0.1000    0.1111        10
       mandolin     0.6000    0.5000    0.5455         6
         mayfly     0.0000    0.0000    0.0000         6
        menorah     0.5294    0.6923    0.6000        13
      metronome     0.6667    0.4000    0.5000         5
        minaret     1.0000    0.9091    0.9524        11
       nautilus     0.2000    0.1111    0.1429         9
        octopus     0.1429    0.2000    0.1667         5
          okapi     0.3333    0.1667    0.2222         6
         pagoda     1.0000    1.0000    1.0000         7
          panda     0.0000    0.0000    0.0000         6
         pigeon     0.3333    0.3333    0.3333         6
          pizza     0.0667    0.1250    0.0870         8
       platypus     0.0000    0.0000    0.0000         5
        pyramid     0.3333    0.2500    0.2857         8
       revolver     0.9000    0.6923    0.7826        13
          rhino     0.1765    0.3333    0.2308         9
        rooster     0.5000    0.3750    0.4286         8
      saxophone     0.2500    0.1667    0.2000         6
       schooner     0.3846    0.5556    0.4545         9
       scissors     0.0000    0.0000    0.0000         6
       scorpion     0.1053    0.1538    0.1250        13
      sea_horse     0.1000    0.1250    0.1111         8
         snoopy     1.0000    0.4000    0.5714         5
    soccer_ball     0.2857    0.2222    0.2500         9
        stapler     0.7500    0.4286    0.5455         7
       starfish     0.2000    0.1538    0.1739        13
    stegosaurus     0.3750    0.3333    0.3529         9
      stop_sign     0.6667    0.8000    0.7273        10
     strawberry     0.1667    0.2000    0.1818         5
      sunflower     0.2222    0.1538    0.1818        13
           tick     0.4000    0.8571    0.5455         7
      trilobite     0.9167    0.8462    0.8800        13
       umbrella     0.6667    0.7273    0.6957        11
          watch     0.8438    0.7500    0.7941        36
    water_lilly     0.0000    0.0000    0.0000         6
     wheelchair     0.6667    0.4444    0.5333         9
       wild_cat     0.0000    0.0000    0.0000         5
  windsor_chair     0.5714    0.4444    0.5000         9
         wrench     0.2500    0.1667    0.2000         6
       yin_yang     1.0000    0.7778    0.8750         9

       accuracy                         0.5952      1302
      macro avg     0.4371    0.4019    0.4073      1302
   weighted avg     0.5976    0.5952    0.5884      1302
