Test accuracy: 0.9326164874551971

                 precision    recall  f1-score   support

          Faces     1.0000    0.9848    0.9924        66
     Faces_easy     0.9851    1.0000    0.9925        66
       Leopards     1.0000    1.0000    1.0000        30
     Motorbikes     0.9603    1.0000    0.9798       121
      accordion     0.9000    1.0000    0.9474         9
      airplanes     0.9917    0.9917    0.9917       120
         anchor     0.6250    0.7143    0.6667         7
            ant     0.8571    0.8571    0.8571         7
         barrel     0.8889    1.0000    0.9412         8
           bass     0.8571    0.6667    0.7500         9
         beaver     1.0000    0.6250    0.7692         8
      binocular     0.8000    0.6667    0.7273         6
         bonsai     1.0000    1.0000    1.0000        20
          brain     0.9412    1.0000    0.9697        16
   brontosaurus     1.0000    0.8571    0.9231         7
         buddha     0.8235    1.0000    0.9032        14
      butterfly     0.9286    0.8667    0.8966        15
         camera     1.0000    0.8750    0.9333         8
         cannon     1.0000    0.5714    0.7273         7
       car_side     1.0000    1.0000    1.0000        19
    ceiling_fan     0.8889    1.0000    0.9412         8
      cellphone     1.0000    0.9000    0.9474        10
          chair     0.7500    0.9000    0.8182        10
     chandelier     0.8947    1.0000    0.9444        17
    cougar_body     1.0000    0.8750    0.9333         8
    cougar_face     1.0000    1.0000    1.0000        11
           crab     0.8571    0.5000    0.6316        12
       crayfish     0.7500    0.5455    0.6316        11
      crocodile     0.6364    0.8750    0.7368         8
 crocodile_head     0.8000    0.4444    0.5714         9
            cup     1.0000    0.7000    0.8235        10
      dalmatian     1.0000    1.0000    1.0000        11
    dollar_bill     1.0000    0.8889    0.9412         9
        dolphin     0.8462    1.0000    0.9167        11
      dragonfly     1.0000    0.9091    0.9524        11
electric_guitar     0.7857    0.9167    0.8462        12
       elephant     0.8182    0.8182    0.8182        11
            emu     0.9000    1.0000    0.9474         9
      euphonium     1.0000    0.8182    0.9000        11
           ewer     0.8750    1.0000    0.9333        14
          ferry     0.9091    0.9091    0.9091        11
       flamingo     0.8182    0.8182    0.8182        11
  flamingo_head     1.0000    0.8750    0.9333         8
       garfield     1.0000    1.0000    1.0000         6
        gerenuk     1.0000    0.8333    0.9091         6
     gramophone     1.0000    0.7778    0.8750         9
    grand_piano     1.0000    1.0000    1.0000        16
      hawksbill     0.8750    0.9333    0.9032        15
      headphone     0.7778    1.0000    0.8750         7
       hedgehog     1.0000    0.8889    0.9412         9
     helicopter     0.9231    0.8571    0.8889        14
           ibis     0.8571    1.0000    0.9231        12
   inline_skate     1.0000    1.0000    1.0000         6
    joshua_tree     1.0000    1.0000    1.0000        11
       kangaroo     0.8750    1.0000    0.9333        14
          ketch     0.7619    0.8889    0.8205        18
           lamp     1.0000    1.0000    1.0000        10
         laptop     1.0000    1.0000    1.0000        13
          llama     1.0000    0.9231    0.9600        13
        lobster     0.8571    0.8571    0.8571         7
          lotus     0.8000    0.7273    0.7619        11
       mandolin     1.0000    1.0000    1.0000         7
         mayfly     1.0000    1.0000    1.0000         6
        menorah     1.0000    1.0000    1.0000        14
      metronome     0.8571    1.0000    0.9231         6
        minaret     1.0000    1.0000    1.0000        12
       nautilus     1.0000    1.0000    1.0000         9
        octopus     1.0000    0.5000    0.6667         6
          okapi     1.0000    1.0000    1.0000         7
         pagoda     1.0000    1.0000    1.0000         8
          panda     0.8571    0.8571    0.8571         7
         pigeon     1.0000    1.0000    1.0000         8
          pizza     0.9000    1.0000    0.9474         9
       platypus     1.0000    1.0000    1.0000         6
        pyramid     0.9091    1.0000    0.9524        10
       revolver     1.0000    1.0000    1.0000        13
          rhino     0.8889    0.8000    0.8421        10
        rooster     1.0000    1.0000    1.0000         8
      saxophone     1.0000    0.8333    0.9091         6
       schooner     0.7143    0.5000    0.5882        10
       scissors     1.0000    0.8571    0.9231         7
       scorpion     0.7222    0.9286    0.8125        14
      sea_horse     0.7143    1.0000    0.8333        10
         snoopy     1.0000    1.0000    1.0000         6
    soccer_ball     1.0000    1.0000    1.0000        11
        stapler     1.0000    0.8750    0.9333         8
       starfish     0.9333    1.0000    0.9655        14
    stegosaurus     1.0000    0.9000    0.9474        10
      stop_sign     1.0000    1.0000    1.0000        11
     strawberry     0.6667    1.0000    0.8000         6
      sunflower     0.8235    1.0000    0.9032        14
           tick     1.0000    1.0000    1.0000         8
      trilobite     1.0000    1.0000    1.0000        14
       umbrella     1.0000    1.0000    1.0000        12
          watch     0.9000    0.9730    0.9351        37
    water_lilly     0.7500    0.4286    0.5455         7
     wheelchair     0.9000    0.9000    0.9000        10
       wild_cat     1.0000    0.8333    0.9091         6
  windsor_chair     1.0000    0.8889    0.9412         9
         wrench     1.0000    0.7143    0.8333         7
       yin_yang     0.9000    1.0000    0.9474         9

       accuracy                         0.9326      1395
      macro avg     0.9233    0.8995    0.9042      1395
   weighted avg     0.9369    0.9326    0.9302      1395
